,label,centroid-0,centroid-1,centroid-2,bbox-0,bbox-1,bbox-2,bbox-3,bbox-4,bbox-5,area,brightest_pix,elongation,n_vel,nx,ny,max_loc-0,max_loc-1,max_loc-2,max_loc,dist,nx_kpc,ny_kpc,fluxes,type,mos_name,z_pos,x_pos,y_pos
0,1,52.02597402597402,440.1038961038961,1140.5584415584415,51,436,1138,54,445,1143,77,14.838319778442385,3.65171889668603,23.187869342531076,9,5,1,5,2,"[52, 441, 1140]",116.0195733814282,30.373854712954074,16.874363462888724,"[0.8535388706307132, 0.07782847640953006]",real,1245mosC,52,440,1140
1,2,180.02597402597405,440.3246753246753,1140.3636363636365,179,437,1138,182,445,1143,77,14.111279487609865,2.933399835879426,23.187869342531076,8,5,1,4,2,"[180, 441, 1140]",101.16025315543187,23.541060857486443,14.71316287408314,"[0.8648666671146084, 0.07841101219521679]",real,1245mosC,180,441,1140
2,3,285.50993377483445,321.42384105960264,118.21192052980132,283,317,114,289,325,124,151,13.188400268554688,1.847675447882674,46.37573868506215,8,10,3,3,4,"[286, 320, 118]",89.0457134215633,20.721879328776268,25.902349423980585,"[1.2547922905086828, 0.07249053008951814]",real,1245mosC,286,321,119
3,4,308.06666666666666,440.4666666666666,1140.3466666666666,307,437,1138,310,445,1143,75,15.052574157714846,2.623685181100135,23.187869342531076,8,5,1,4,2,"[308, 441, 1140]",86.40098639243341,20.10642337644166,12.566514472043446,"[0.8386221658900959, 0.07674786699194634]",real,1245mosC,308,441,1140
4,5,348.74850746268663,393.7044776119403,1084.4432835820896,339,387,1080,359,401,1091,1340,4.765259742736816,1.948873644124048,154.58579561687384,14,11,13,6,5,"[352, 393, 1085]",81.80907472512669,33.31621592720269,26.177026246196426,"[0.8133499608577356, 0.03559922709256194]",real,1245mosC,349,394,1085
5,6,352.9428879310345,532.9628232758621,1032.1433189655172,340,513,1023,364,550,1042,1856,12.103132247924805,3.927351453778878,185.50295474024855,37,19,14,22,9,"[354, 535, 1032]",81.3504143659567,87.5563782708519,44.96137065342766,"[4.071357607009007, 0.07340085712282407]",real,1245mosC,352,531,1032
6,7,358.73112319598414,380.5173603848567,1375.1895001045807,342,366,1363,376,395,1388,9562,9.427841186523438,1.5325639349673803,262.7958525486855,29,25,23,18,14,"[365, 384, 1377]",80.66260454665962,68.04503936181018,58.659513117472436,"[11.216614600573543, 0.24513237772028165]",real,1245mosC,359,380,1375
7,8,362.69738863287245,248.69585253456228,413.0253456221198,354,241,408,372,257,420,1302,4.888595581054688,2.386688254911892,139.12721605518644,16,12,7,8,5,"[361, 249, 413]",80.20418510246412,37.328726369818334,27.99654389295407,"[0.8543923982430588, 0.024131794317107755]",real,1245mosC,363,249,414
8,9,366.22349272349265,475.8247401247401,501.38024948024946,354,464,494,382,489,515,4810,10.124189376831056,2.264894488360227,216.42011386362338,25,21,8,11,6,"[362, 475, 500]",79.74586197111317,57.99283896979468,48.713982206479166,"[3.986027366755952, 0.10720416709048614]",real,1245mosC,368,476,504
9,10,372.0322580645162,440.01612903225805,1140.1129032258063,371,437,1138,374,444,1143,62,14.21276569366455,2.3398577640941656,23.187869342531076,7,5,1,4,2,"[372, 441, 1140]",79.05855779428454,16.098042191589695,11.498601487584006,"[0.7420675372546403, 0.07422300453450055]",real,1245mosC,372,440,1140
10,11,385.74939759036147,35.34397590361446,528.7710843373494,375,27,523,397,44,536,1660,5.191948890686035,2.7806250639625825,170.04437517856124,17,13,5,9,6,"[380, 36, 529]",77.57014143731162,38.359211185780005,29.333513443351322,"[1.347780135599927, 0.05758800555709743]",real,1245mosC,386,35,529
11,12,396.3360843649702,50.060522696011006,499.6648326455754,386,41,494,408,60,507,2181,5.5767178535461435,2.5844767344156065,170.04437517856124,19,13,15,10,8,"[401, 51, 502]",76.31150539659116,42.17642781538192,28.85755431092409,"[1.4706570581869447, 0.028657643891710122]",real,1245mosC,397,50,500
12,13,428.58402555910544,135.12087326943558,45.90234291799786,409,120,37,452,154,58,9390,8.136534690856934,3.3894951267495417,332.3594605762788,34,21,37,18,7,"[446, 138, 44]",72.65414683579063,71.85642289364094,44.3818993074234,"[8.299276217547567, 0.08821949846050096]",real,1245mosC,430,137,47
13,14,420.8894154818325,163.95892575039494,488.59399684044234,411,158,485,435,172,494,1266,4.835876941680908,1.9022115352101023,185.50295474024855,14,9,6,5,3,"[417, 163, 488]",73.5679109903127,29.960055361849605,19.260034965039694,"[0.8282456623116121, 0.03269209392397431]",real,1245mosC,423,165,489
14,15,437.224060940373,981.8406882059364,1369.084318360914,427,965,1355,449,1000,1382,7614,12.76142692565918,2.4526790673339325,170.04437517856124,35,27,14,16,12,"[441, 981, 1367]",71.626620259235,72.9237143709634,56.25542893041065,"[7.535625438992332, 0.07352058826859315]",real,1245mosC,438,982,1368
15,16,433.0,999.0,1372.0,433,999,1372,434,1000,1373,1,2.6286745071411133,,7.7292897808436924,1,1,0,0,0,"[433, 999, 1372]",72.0832388761149,2.096816474484008,2.096816474484008,"[0.0032055216489022985, 0.003205521648902298]",real,1245mosC,433,999,1372
16,17,435.95,440.8,1140.2,435,437,1138,438,445,1143,80,16.46670913696289,2.6189486313069503,23.187869342531076,8,5,1,4,2,"[436, 441, 1140]",71.85491759755439,16.721399317523087,10.450874458491533,"[0.9413134544225753, 0.0871610014290151]",real,1245mosC,436,441,1140
17,18,445.0282220131703,767.7497648165569,285.26434619002816,438,760,281,453,777,291,1063,5.619426727294922,2.998983207503392,115.93934671265538,17,10,6,8,4,"[444, 768, 285]",70.713670233087,34.96861756252844,20.569773940246762,"[0.9495790031951078, 0.04716980712094095]",real,1245mosC,445,768,286
18,19,456.1863979848865,157.02871536523932,481.1773299748111,443,149,469,467,166,488,1985,6.148350238800049,1.8134945967493452,185.50295474024855,17,19,18,8,11,"[461, 157, 480]",69.45898884524203,34.348165060632354,38.38912643560077,"[0.9898019166670221, 0.038754924226797216]",real,1245mosC,455,157,478
19,20,459.56289387446435,743.3361482228385,221.55192840937733,445,710,209,475,762,236,7934,21.35099220275879,1.4878577134876003,231.87869342531081,52,27,7,36,8,"[452, 746, 217]",69.11692851742568,104.54763979513515,54.28432119270627,"[15.589515978043444, 0.1496893662296808]",real,1245mosC,460,736,222
20,21,447.5,139.0,49.0,446,139,49,450,140,50,4,-0.8901386857032776,,30.917159123374766,1,1,0,0,0,"[446, 139, 49]",70.4854925395157,2.05033991637061,2.05033991637061,"[-0.008260380178917198, -0.008260380178917196]",real,1245mosC,448,139,49
21,22,481.4913940319972,639.7336868596083,625.0275031457846,454,599,590,521,681,656,44504,20.840618133544922,13.863669215864567,517.8624153165273,82,66,57,46,50,"[511, 645, 640]",66.61012808516841,158.8843320423573,127.88242574290926,"[71.07408998208912, 0.362454888739587]",real,1245mosC,487,640,623
22,23,458.0,161.0,472.0,458,161,472,459,162,473,1,0.3852101266384125,,7.7292897808436924,1,1,0,0,0,"[458, 161, 472]",69.23094265229328,2.0138465385395863,2.0138465385395863,"[0.00031355663273737854, 0.00031355663273737854]",real,1245mosC,458,161,472
23,24,464.6179775280899,637.9213483146068,641.0674157303372,460,636,639,470,641,644,89,2.0632369518280034,1.2111801242236029,77.29289780843692,5,5,9,3,2,"[469, 639, 641]",68.54694744036843,9.969749686783995,9.969749686783995,"[-0.06539726247583873, 0.0]",real,1245mosC,465,638,641
24,25,479.36666666666673,654.9641975308642,565.5246913580247,470,644,559,491,666,574,1620,4.852235317230225,4.314936349316477,162.31508539771752,22,15,11,10,7,"[481, 654, 566]",66.83789968934754,42.77319207978932,29.16353792395326,"[0.9279257391254272, 0.03813824973982526]",real,1245mosC,480,655,566
25,26,486.90403514857206,536.9961845300035,467.2602613018846,474,521,452,499,555,482,8649,8.605123519897461,2.9894070708061022,193.23224452109227,34,30,17,13,17,"[491, 534, 469]",66.0408034270898,65.31569230340321,57.63148904756627,"[5.378022263700071, 0.045436514072972646]",real,1245mosC,486,538,467
26,27,490.89123679303907,692.5104619846695,791.2707685933293,479,680,783,503,706,802,4827,12.24300479888916,2.7664225457249856,185.50295474024855,26,19,17,12,7,"[496, 692, 790]",65.58545100358478,49.60289998618571,36.24826984628618,"[4.624848799859865, 0.1286446995865232]",real,1245mosC,491,693,792
27,28,497.7080673244341,11.398723157283806,547.8554846198491,488,2,541,508,22,553,1723,8.134784698486326,3.2795438380500417,154.58579561687384,20,12,13,8,8,"[501, 10, 549]",64.78881367544723,37.69260906794531,22.61556380779628,"[1.4002426262675984, 0.054484655484931525]",real,1245mosC,498,12,547
28,29,501.4539748953975,201.9581589958159,725.2092050209205,497,193,718,507,211,732,478,8.259986877441406,7.440545624674232,77.29289780843692,18,14,6,9,8,"[503, 202, 726]",64.3337233867654,33.68506268848569,26.1994922562802,"[0.4742411142723328, 0.024459146419997718]",real,1245mosC,502,202,725
29,30,511.20953924519563,14.839546191247974,707.4093540171336,498,5,697,530,26,716,4319,9.65119743347168,1.8257617737007712,247.33727298699813,21,19,10,8,11,"[508, 13, 708]",63.19641438678619,38.60449846371148,34.92787877428395,"[3.8858689890937734, 0.13016186618202583]",real,1245mosC,514,15,706
30,31,508.4025374855825,976.040369088812,1094.441753171857,498,970,1090,518,982,1100,867,5.038348197937012,1.621112546551294,154.58579561687384,12,10,15,6,4,"[513, 976, 1094]",63.53754459651099,22.178788474369718,18.482323499269494,"[0.6544979566806481, 0.038915507813301366]",real,1245mosC,508,976,1095
31,32,512.4847104749512,341.93754066363044,927.8770331815224,503,334,922,525,350,933,1537,5.825765132904053,2.4981613102281384,170.04437517856124,16,11,7,7,6,"[510, 341, 928]",63.08271621636061,29.360032139184217,20.185021327100404,"[0.9673263032546037, 0.044753813682265386]",real,1245mosC,514,342,927
32,33,525.0762481089258,642.2786686838124,637.2590015128593,503,635,626,542,651,646,3305,2.6057772636413574,1.7383074594368912,301.442301452904,16,20,19,8,17,"[522, 643, 643]",61.60518118657706,28.67235604400104,35.84044651068478,"[9.781370395066702, 0.3054209652851214]",real,1245mosC,522,643,636
33,34,504.0,7.0,544.0,504,7,544,505,8,545,1,-2.041555404663086,,7.7292897808436924,1,1,0,0,0,"[504, 7, 544]",63.99246818996253,1.8614654895601332,1.8614654895601332,"[-0.0020697310195530215, -0.0020697310195530215]",real,1245mosC,504,7,544
34,35,513.4160170092133,331.5690999291283,631.6009922041105,504,325,626,524,340,638,1411,7.46286153793335,2.242466201324933,154.58579561687384,15,12,4,5,4,"[508, 330, 630]",62.969023994897526,27.475422295506363,21.9803373342355,"[1.1680073379801599, 0.0461176135482029]",real,1245mosC,514,332,632
35,36,511.4147880973849,686.5599639314697,966.0622182146077,504,678,961,522,695,973,1109,5.024487495422363,2.9493713203307097,139.12721605518644,17,12,11,10,6,"[515, 688, 967]",63.19641438678619,31.25125932129295,22.059711559897337,"[0.7623383956297294, 0.029535651026851618]",real,1245mosC,513,686,967
36,37,564.0526315789474,440.4210526315789,1140.328947368421,563,437,1138,566,445,1143,76,12.916114807128904,2.890534448720691,23.187869342531076,8,5,1,4,2,"[564, 441, 1140]",57.17859810252045,13.306064543047409,8.316290247924822,"[0.7633620517732373, 0.05999686470912016]",real,1245mosC,564,441,1140
37,38,575.5820633059789,910.5668229777257,1474.7051582649472,568,902,1468,584,920,1482,1706,9.864190101623537,2.3488268954750264,123.66863649349906,18,14,8,8,6,"[576, 910, 1474]",55.931705168006886,29.285775728096553,22.7778247439538,"[1.4484428305195443, 0.05830000037455436]",real,1245mosC,576,911,1475
38,39,628.3333333333334,119.03799654576856,1312.2417962003453,625,112,1308,632,127,1318,579,16.834028244018555,2.33390302211968,54.105028465905846,15,10,3,8,5,"[628, 120, 1313]",49.93397702155973,21.78780960099741,14.525205888554833,"[0.5620387938621754, 0.043708291858851375]",real,1245mosC,628,119,1313
39,40,628.0089285714286,440.3035714285714,1140.3214285714287,627,436,1138,630,446,1145,112,17.181877136230472,2.750891913351921,23.187869342531076,10,7,1,5,2,"[628, 441, 1140]",49.93397702155973,14.525205888554833,10.167643975729744,"[1.1416916139596538, 0.10203448109736954]",real,1245mosC,628,441,1141
334,1,20.19637462235649,564.2954682779456,1244.6465256797585,12,557,1238,29,573,1252,1655,6.355448246002197,2.3818955648580764,131.39792627434278,16,14,10,7,9,"[22, 564, 1247]",185.1135442919398,86.15576398405136,75.3862922102682,"[1.2783962682868573, 0.03247548260720773]",real,1245mosD,20,565,1245
335,2,25.37293233082707,97.46842105263157,832.2872180451128,13,84,828,36,104,838,1330,4.856557369232178,1.8599366865881304,177.7736649594049,20,10,20,14,5,"[33, 98, 833]",184.51277529605125,107.34519607219354,53.67259349453842,"[0.9000212014453459, 0.04236877693745053]",real,1245mosD,24,94,833
336,3,55.906354515050175,861.6379598662207,567.4958193979933,46,855,564,71,869,572,1196,5.629430294036865,2.0275706665499817,193.23224452109227,14,8,4,4,5,"[50, 859, 569]",180.91155143415645,73.67505782893768,42.10003147768005,"[0.734332081499345, 0.028269160215724103]",real,1245mosD,58,862,568
337,4,169.36792757840288,877.0898803750405,31.84157775622373,158,869,24,185,888,41,3093,5.883871555328369,2.282424926168636,208.6908240827797,19,17,5,9,9,"[163, 878, 33]",167.27969119897645,92.45342211723907,82.72148126710945,"[2.21630555426897, 0.054772294868305704]",real,1245mosD,171,878,32
338,5,177.19735327963176,944.1139240506328,12.495397008055233,166,925,7,190,954,30,1738,6.334270477294923,12.059843176520774,185.50295474024855,29,23,12,21,2,"[178, 946, 9]",166.3261952634502,140.30879076133527,111.27937598357735,"[1.487185492209321, 0.032136858002870555]",real,1245mosD,178,939,18
339,6,178.0,881.2,37.4,178,880,37,179,883,39,5,7.533302783966064,3.0,7.7292897808436924,3,2,0,1,0,"[178, 881, 37]",166.2070370008549,14.504300566067718,9.669533697075199,"[0.0378503586502775, 0.008810863811741447]",real,1245mosD,178,881,38
340,7,209.4306106264869,684.4647105471847,560.406026962728,197,676,555,223,691,567,1261,6.235739707946777,1.833297916578117,200.96153430193598,15,12,24,9,3,"[221, 685, 558]",162.51629408322722,70.91111671350015,56.728892074754285,"[0.9229033600438061, 0.03545843864458154]",real,1245mosD,210,683,561
341,8,219.31696672122203,760.3398799781778,554.6917621385707,208,753,547,229,768,561,1833,5.666074275970459,1.8997812924730035,162.31508539771752,15,14,17,8,6,"[225, 761, 553]",161.32703776310044,70.39220570710228,65.69939145590446,"[1.1965938934426408, 0.041590324758117116]",real,1245mosD,218,760,554
342,9,225.98033503277492,450.68317552804086,1291.8896576839038,213,443,1286,243,460,1299,2746,4.670022964477539,2.4689951690092435,231.87869342531081,17,13,3,11,6,"[216, 454, 1292]",160.61378936097287,79.42512610248333,60.73685908147003,"[2.0462412256820732, 0.08717142320228209]",real,1245mosD,228,451,1292
343,10,229.56085526315792,86.85263157894737,1334.55,218,78,1328,241,98,1344,3040,4.953943252563477,2.226695847705084,177.7736649594049,20,16,7,9,6,"[225, 87, 1334]",160.13841760396588,93.16476763631668,74.53181108189436,"[1.5981269403015825, 0.048914711066539815]",real,1245mosD,229,88,1336
344,11,220.0,445.0,1298.0,220,445,1298,221,446,1299,1,3.4007315635681152,,7.7292897808436924,1,1,0,0,0,"[220, 445, 1298]",161.20814712836668,4.689355028854106,4.689355028854106,"[0.003987627426365543, 0.003987627426365543]",real,1245mosD,220,445,1298
345,12,228.17375231053603,963.8243992606284,535.8391866913124,222,958,533,238,970,540,541,3.4708850383758545,3.516987353523513,123.66863649349906,12,7,5,7,3,"[227, 965, 536]",160.25725100718284,55.940337231216475,32.631862510503765,"[0.23599382777730477, 0.01436955687887601]",real,1245mosD,230,964,536
346,13,223.0,449.0,1299.0,223,449,1299,224,450,1300,1,3.419739246368408,,7.7292897808436924,1,1,0,0,0,"[223, 449, 1299]",160.85151338871788,4.678980973632506,4.678980973632506,"[0.003941736090723617, 0.003941736090723617]",real,1245mosD,223,449,1299
347,14,240.0614828209765,52.94153104279687,398.48704038577455,232,45,393,251,62,405,1659,4.578542232513428,2.4066505081529788,146.85650583603015,17,12,4,6,5,"[236, 51, 398]",158.8316695858248,78.5438500399857,55.44271540780363,"[1.0692968491082615, 0.03734693152598238]",real,1245mosD,241,53,399
348,15,239.83333333333331,61.5,404.83333333333326,239,61,404,242,63,406,6,2.1426024436950684,3.0000000000000004,23.187869342531076,2,2,2,1,1,"[241, 62, 405]",158.9504330955129,9.24736158417801,9.24736158417801,"[0.004022747361243022, 0.0023936513301867726]",real,1245mosD,240,62,405
349,16,266.3916133617626,83.03766879886281,578.9147121535182,249,78,574,283,90,585,1407,4.937708854675293,1.7583778868797486,262.7958525486855,12,11,22,6,6,"[271, 84, 580]",155.74604601050225,54.365629520660846,49.83516007064729,"[1.1865309379176405, 0.053403226688533596]",real,1245mosD,266,84,579
350,17,259.864250177683,99.8329779673063,395.2515991471215,249,91,389,273,110,402,2814,6.639029502868652,2.4405201721847285,185.50295474024855,19,13,5,9,6,"[254, 100, 395]",156.57636899214341,86.53782794706517,59.21008959941062,"[1.8148160585024289, 0.05881864523336653]",real,1245mosD,261,100,395
351,18,273.13428280773144,86.50661241098679,668.1495422177011,267,80,664,280,95,674,983,4.999654293060303,2.9000133612385386,100.48076715096799,15,10,7,9,5,"[274, 89, 669]",154.9160335748145,67.59487717576457,45.06324986173046,"[0.6621844765151613, 0.02331793913043827]",real,1245mosD,273,87,669
352,19,273.0,83.0,675.0,273,83,675,274,84,676,1,2.040334939956665,,7.7292897808436924,1,1,0,0,0,"[273, 83, 675]",154.9160335748145,4.5063248603417385,4.5063248603417385,"[0.0018412998069952669, 0.001841299806995267]",real,1245mosD,273,83,675
353,20,278.8446601941748,621.031067961165,448.11844660194174,274,617,445,284,627,453,515,3.699751615524292,1.7393023965058525,77.29289780843692,10,8,3,1,2,"[277, 618, 447]",154.32335758300485,44.89084739511897,35.9126775514409,"[0.2975360188910954, 0.01761419698781904]",real,1245mosD,279,622,449
354,21,303.53848821081834,234.00242718446603,1432.6376560332874,290,225,1426,322,244,1441,2884,4.439085006713867,3.3351488061991463,247.33727298699813,19,15,23,13,7,"[313, 238, 1433]",151.36235069889727,83.65610434548883,66.04429037092466,"[1.6852851260680188, 0.028560865344822797]",real,1245mosD,306,234,1433
355,22,321.4286662242866,228.28500331785003,1464.6343729263438,312,217,1457,332,240,1473,3014,8.206419944763184,3.0850919899052376,154.58579561687384,23,16,13,9,7,"[325, 226, 1464]",149.23287161930827,99.84320752200351,69.45613901497315,"[2.816753902382373, 0.05191190053741846]",real,1245mosD,322,228,1465
356,23,354.7083868207103,65.65832263585793,1270.8804022250752,345,53,1262,366,78,1283,4674,6.442154407501222,2.8162797095160763,162.31508539771752,25,21,12,9,7,"[357, 62, 1269]",145.3341342257921,105.68998609638122,88.77958371349541,"[2.9486875679364966, 0.0384126002518582]",real,1245mosD,355,65,1272
357,24,388.8064971751412,75.74011299435028,1325.2436440677964,382,67,1320,397,86,1331,1416,7.474081993103027,2.924274022325632,115.93934671265538,19,11,6,10,7,"[388, 77, 1327]",141.32442101669537,78.10826441680383,45.22057107493853,"[1.0304368169709859, 0.02883724942431344]",real,1245mosD,389,76,1325
358,25,418.5305343511449,437.81730279898215,742.736641221374,399,425,736,437,450,751,3930,5.947246074676514,2.3142033783088487,293.7130116720603,25,15,33,16,5,"[432, 441, 741]",137.79246447127957,100.20552798374278,60.123310007055856,"[2.1994037991002338, 0.06920436460877984]",real,1245mosD,418,437,743
359,26,410.742819843342,340.0835509138381,292.88120104438644,402,334,288,421,348,298,1532,4.87136173248291,2.1384770217527023,146.85650583603015,14,10,5,6,4,"[407, 340, 292]",138.73376801774037,56.49842865480872,40.35601937499625,"[0.631756716856816, 0.02913173581219541]",real,1245mosD,411,341,293
360,27,498.3472144063028,249.4889138998312,948.2687675858188,467,237,934,535,262,961,8885,6.490933418273926,2.4999238853988444,525.591705097371,25,27,7,8,20,"[474, 245, 954]",128.40142585693695,93.37617061447924,100.84626722181541,"[7.175853574355068, 0.12461622311635848]",real,1245mosD,501,249,947
361,28,490.2257885998893,116.62202545655785,66.39180962921971,478,110,61,502,124,73,1807,5.118649482727051,1.903637909664241,185.50295474024855,14,12,17,6,8,"[495, 116, 69]",129.33873380027762,52.6723618072844,45.14773802978674,"[1.370350909711335, 0.04419899043745009]",real,1245mosD,490,117,67
362,29,483.04545454545456,246.1818181818182,943.6818181818179,480,245,943,487,248,946,22,1.752340316772461,1.1666666666666663,54.105028465905846,3,3,1,1,1,"[481, 246, 944]",130.15920506629186,11.358533704636288,11.358533704636288,"[-0.017777184868215144, 0.0]",real,1245mosD,483,246,944
363,30,508.8281464082991,618.2088471325112,1444.2270503033862,488,607,1436,532,628,1455,5109,7.495662212371826,2.188954786745512,340.0887503571225,21,19,12,11,7,"[500, 618, 1443]",127.23035081121736,77.72061010246333,70.31864564887397,"[4.82600553056624, 0.12044983848517193]",real,1245mosD,510,617,1445
364,31,520.8985315517925,829.3639370287075,1390.471623230586,489,821,1381,553,839,1401,7559,4.326828002929688,2.387134699760284,494.67454597399626,18,20,58,6,10,"[547, 827, 1391]",125.82588126495595,65.8822849839269,73.20254044020278,"[0.14856460403850377, 0.00864031270287574]",real,1245mosD,521,830,1391
365,32,513.0775064462308,337.8117700591537,719.6390110723496,495,326,710,533,351,730,6593,9.360941886901855,1.7411742405875617,293.7130116720603,25,20,5,9,6,"[500, 335, 716]",126.64504643070471,92.09889519582188,73.67911148083519,"[4.914075772796824, 0.06222975501866712]",real,1245mosD,514,338,720
366,33,537.4039215686274,415.4441176470588,632.6163398692812,523,408,626,555,424,640,3060,6.16847562789917,2.0153345712782365,247.33727298699813,16,14,26,7,8,"[549, 415, 634]",123.83774672685655,57.63671005342175,50.43212044327155,"[1.7157107637483027, 0.07325673362863938]",real,1245mosD,539,416,633
666,1,47.47130647130647,157.24786324786325,315.55677655677664,39,152,311,56,163,322,819,2.9919145107269287,1.5321564139179171,131.39792627434278,11,11,7,7,5,"[46, 159, 316]",249.10638151465767,79.70832464386018,79.70832464386018,"[0.4401703816315273, 0.013086578499195894]",real,1245mosE,47,157,316
667,2,125.56639566395664,117.93631436314364,339.4186991869919,119,112,334,134,124,346,738,4.846230983734131,2.0915473309429697,115.93934671265538,12,12,12,6,1,"[131, 118, 335]",239.4831750977794,83.59540359001784,83.59540359001784,"[0.44143725873571693, 0.013781096599705106]",real,1245mosE,126,118,340
668,3,321.09985558077165,312.49556426655664,1393.1343098824013,299,302,1385,349,322,1403,4847,6.369337558746338,1.669046133424548,386.46448904218454,20,18,9,10,7,"[308, 312, 1392]",215.4812041684238,125.36190014061778,112.82570770801905,"[3.727024760749265, 0.07791366651204014]",real,1245mosE,324,312,1394
669,4,337.0340705319785,534.0,1204.0125523012553,324,527,1198,351,541,1210,1673,4.5084428787231445,1.6959496472548252,208.6908240827797,14,12,6,8,5,"[330, 535, 1203]",213.5331029724808,86.95997345208653,74.53711900856993,"[1.1650229390782447, 0.05738094468459229]",real,1245mosE,337,534,1204
670,5,328.0,540.3333333333334,1198.3333333333333,328,540,1198,329,542,1200,3,0.9965574741363524,3.0000000000000004,7.7292897808436924,2,2,0,0,0,"[328, 540, 1198]",214.6287022185316,12.4865920595825,12.4865920595825,"[0.002059055981029854, 0.0009914947318671475]",real,1245mosE,328,541,1199
671,6,348.4691812327507,756.0855565777368,1106.541858325667,336,752,1102,362,762,1112,1087,4.569305419921875,1.1293625593460286,200.96153430193598,10,10,24,5,4,"[360, 757, 1106]",212.1947619175621,61.724957417164866,61.724957417164866,"[0.5850007278193907, 0.04377117660314878]",real,1245mosE,349,757,1107
672,7,354.55,489.71569767441866,1038.5587209302323,340,483,1034,371,497,1045,1720,5.618340492248535,2.8671287650283532,239.60798320615444,14,11,3,6,2,"[343, 489, 1036]",211.46509346219483,86.11778997041664,67.66397640253571,"[1.2549203705448082, 0.044165827607376786]",real,1245mosE,355,490,1039
673,8,355.2388571428572,855.8285714285713,781.3091428571429,341,849,776,376,863,788,1750,5.803173065185548,2.053915881226695,270.5251423295292,14,12,32,9,3,"[373, 858, 779]",211.34350508385162,86.06827389068188,73.77280511000453,"[1.3231483396951798, 0.05956833895893018]",real,1245mosE,358,856,782
674,9,364.907655565875,774.1028260581134,1181.0693910043785,344,762,1169,391,787,1196,7537,9.161911964416504,2.5009507731835767,363.27661969965345,25,27,7,10,10,"[351, 772, 1179]",210.24950566200138,152.897785840626,165.1296135517119,"[5.8660455290541025, 0.07797859650090747]",real,1245mosE,367,774,1182
675,10,356.72788139646104,946.7517934002867,1053.6967957914874,344,941,1047,372,955,1061,2091,4.34166431427002,1.6749343069424036,216.42011386362338,14,14,4,7,6,"[348, 948, 1053]",211.2219232843375,86.01876049013258,86.01876049013258,"[1.239356511547893, 0.041720041732885016]",real,1245mosE,358,948,1054
676,11,356.71516646115913,181.17385943279902,1498.8520345252773,347,176,1494,365,187,1505,811,3.942490816116333,1.5555804275848304,139.12721605518644,11,11,13,5,5,"[360, 181, 1499]",211.2219232843375,67.58616752681563,67.58616752681563,"[0.5668882412231594, 0.03978641857927664]",real,1245mosE,356,181,1499
677,12,364.2394106813997,247.75629220380603,680.1111111111112,351,242,675,378,255,688,1629,4.500066757202148,1.9184320793268783,208.6908240827797,13,13,25,6,3,"[376, 248, 678]",210.24950566200138,79.50683841125183,79.50683841125183,"[1.0037426748064504, 0.03741505351396848]",real,1245mosE,364,248,681
678,13,372.54726100966695,152.43125671321158,1320.2894736842104,360,145,1315,386,162,1327,1862,5.507194519042969,2.531073490948207,200.96153430193598,17,12,23,7,2,"[383, 152, 1317]",209.27750877731492,103.4898223320962,73.05163630559936,"[1.057460021967379, 0.024906763915698307]",real,1245mosE,373,153,1321
679,14,375.31163859111786,3.3147013782542114,45.91347626339971,367,0,36,385,10,54,1306,4.792771339416504,2.0810115004180147,139.12721605518644,10,18,9,0,11,"[376, 0, 47]",208.91311836125567,60.77036595156583,109.38666562385879,"[0.9667761449689243, 0.040488310924647414]",real,1245mosE,376,5,45
680,15,374.6938997821352,913.1840958605665,402.98257080610017,368,908,398,385,921,408,918,5.549307346343994,1.7383746328796073,131.39792627434278,13,10,15,4,5,"[383, 912, 403]",209.03457526440403,79.04740677312006,60.80569633440423,"[0.6559559276256388, 0.03253102438380008]",real,1245mosE,376,914,403
681,16,369.0,3.333333333333333,34.333333333333336,369,2,33,370,5,36,6,1.313719630241394,2.9999999999999987,7.7292897808436924,3,3,0,0,2,"[369, 2, 35]",209.64195832121362,18.294712604342283,18.294712604342283,"[0.002649372047148736, 0.0015481122692345653]",real,1245mosE,369,3,34
682,17,385.0654664484452,201.379705400982,948.6628477905074,370,197,945,395,207,954,611,4.085214614868163,2.0129472579294663,193.23224452109227,10,9,17,4,4,"[387, 201, 949]",207.69891049074417,60.41716718065542,54.375450171191275,"[0.4496247801016207, 0.0297048606700124]",real,1245mosE,382,202,949
683,18,371.0,2.6666666666666665,34.333333333333336,371,2,34,372,4,36,3,1.404102087020874,3.0000000000000004,7.7292897808436924,2,2,0,1,1,"[371, 3, 35]",209.3989853881445,12.182339459752269,12.182339459752269,"[0.001539862017493899, 0.001595429339461322]",real,1245mosE,371,3,35
684,19,372.6,937.8,620.6,372,937,620,374,939,622,5,2.762514591217041,3.0000000000000004,15.458579561687383,2,2,1,1,1,"[373, 938, 621]",209.27750877731492,12.175272236829471,12.175272236829471,"[0.007681784297029815, 0.0031646918528794223]",real,1245mosE,373,938,621
685,20,385.5625,936.7088414634146,619.3170731707318,375,932,615,395,942,624,656,3.845688343048096,1.576788428322856,154.58579561687384,10,9,8,4,7,"[383, 936, 622]",207.69891049074417,60.41716718065542,54.375450171191275,"[0.3729067894969024, 0.01983749786155462]",real,1245mosE,385,937,619
686,21,399.5747052518757,168.1421221864952,561.6122186495177,384,157,552,415,181,574,4665,4.62498950958252,4.84446427168234,239.60798320615444,24,22,23,13,8,"[407, 170, 560]",206.00012190937485,143.81524231806367,131.83063537069862,"[2.225226817154145, 0.03399478289755429]",real,1245mosE,399,169,563
687,22,404.8877874702617,520.5983346550357,474.3877874702617,387,514,467,425,528,482,2522,4.424083709716797,2.2478191820647546,293.7130116720603,14,15,33,10,3,"[420, 524, 470]",205.39372315854843,83.64526372941076,89.6199261574187,"[1.662335815808802, 0.05807389532960367]",real,1245mosE,406,521,474
688,23,394.52112676056333,772.5105633802817,1181.9401408450706,389,767,1177,401,781,1189,852,2.1419363021850586,2.2887563979160945,92.75147737012428,14,12,5,7,7,"[394, 774, 1184]",206.60668454496394,84.13923439949787,72.11934271324063,"[-0.4277269445542398, 0.0028520357646298422]",real,1245mosE,395,774,1183
689,24,408.7658933413679,928.2759867429947,356.48870141608916,390,916,351,432,937,366,3319,6.593852043151856,2.659111189108314,324.63017079543505,21,15,37,15,3,"[427, 931, 354]",204.90872211028724,125.17163393943535,89.40830450967299,"[1.6563060553760165, 0.05995523730842143]",real,1245mosE,411,926,358
690,25,398.0924137931034,42.21103448275862,988.5696551724138,391,36,985,406,50,994,725,3.475102186203003,2.0730999893096818,115.93934671265538,14,9,6,8,2,"[397, 44, 987]",206.12142132358625,83.94161409491343,53.962464453540065,"[0.3353110643190761, 0.02035422119815612]",real,1245mosE,398,43,989
691,26,408.593165174939,891.1057770545158,97.63818822891241,391,883,90,430,905,104,3687,5.019491672515869,1.9497597667576525,301.442301452904,22,14,6,9,8,"[397, 892, 98]",204.90872211028724,131.13218952696042,83.44775019313032,"[2.6853386595216637, 0.07719983949865972]",real,1245mosE,410,894,97
692,27,409.398133748056,805.0163297045102,1286.9082426127527,401,799,1282,420,812,1293,1286,4.040133476257323,1.3214331529209864,146.85650583603015,13,11,12,6,5,"[413, 805, 1287]",204.7874882260736,77.44135085488213,65.52729599006314,"[0.6598448661823995, 0.024059361800088643]",real,1245mosE,410,805,1287
693,28,411.8002296211251,714.6268656716417,669.8805970149252,404,709,666,421,721,675,871,4.63399076461792,2.073569573550288,131.39792627434278,12,9,10,5,4,"[414, 714, 670]",204.54504010735397,71.39969299776162,53.54976879677657,"[0.5066620338384377, 0.02584308467708216]",real,1245mosE,412,715,670
694,29,419.32711864406787,218.32203389830508,703.5559322033897,410,213,700,428,224,708,590,4.1679296493530265,1.6584959142522329,139.12721605518644,11,8,13,6,3,"[423, 219, 703]",203.57550955072108,65.1394906310473,47.37417424276192,"[0.4324380100820895, 0.028088978844742818]",real,1245mosE,419,218,704
695,30,428.39215686274514,685.9659637439881,329.3255641879393,419,675,322,438,701,337,2703,7.311215877532959,2.6789972267448525,146.85650583603015,26,15,15,8,7,"[434, 683, 329]",202.48528833617658,153.14154819891942,88.35088195292066,"[2.1475197380135502, 0.048902954178967374]",real,1245mosE,428,688,329
696,31,450.71746987951815,881.8457831325301,105.36807228915664,439,873,101,460,890,112,1660,4.392749786376953,3.569478009555617,162.31508539771752,17,11,19,12,3,"[458, 885, 104]",199.8225325039436,98.81424194889046,63.93862411367189,"[1.4096807838049537, 0.059522197656334146]",real,1245mosE,449,881,106
697,32,457.02202643171813,753.8002936857562,462.5814977973568,450,749,459,466,761,467,681,4.626380920410156,1.8202425067578476,123.66863649349906,12,8,9,8,3,"[459, 757, 462]",198.97595490903927,69.45571541106797,46.30380922923434,"[0.6104880555655328, 0.03299101594074591]",real,1245mosE,458,755,463
698,33,460.1355206847361,546.2981455064194,722.5049928673324,451,538,719,472,553,729,701,3.7223834991455083,2.270572704965649,162.31508539771752,15,10,7,8,4,"[458, 546, 723]",198.61323382032072,86.6613793018555,57.77425083097712,"[0.3508595044510737, 0.021692158801904553]",real,1245mosE,461,545,724
699,34,469.6792304672163,147.92186886533173,520.6126815861799,454,136,513,487,161,529,5094,6.318624019622803,2.435530509715357,255.06656276784184,25,16,7,14,7,"[461, 150, 520]",197.5254227434892,143.64456976781096,91.93251508327918,"[2.9624582899713614, 0.043111440336374464]",real,1245mosE,470,148,521
700,35,465.0871694417238,505.6062683643487,817.690499510284,457,499,813,473,513,823,1021,4.006669998168944,2.2317834188747083,123.66863649349906,14,10,14,2,4,"[471, 501, 817]",198.00882912702141,80.63781345594741,57.598436623220536,"[0.4866581109955927, 0.023397420281329597]",real,1245mosE,465,506,818
701,36,478.49520586576426,95.19345741680769,414.65820642977997,465,89,409,492,104,421,1773,5.050877571105957,1.644306624608955,208.6908240827797,15,12,23,6,7,"[488, 95, 416]",196.43813965149727,85.71231534898627,68.56985071262098,"[1.0967097997343258, 0.042885052536649114]",real,1245mosE,478,96,415
702,37,480.73512988589465,331.15052197135225,1121.8392813789758,465,319,1116,499,341,1130,4119,4.618419170379639,3.291287096985287,262.7958525486855,22,14,16,11,5,"[481, 330, 1121]",196.1965928495892,125.55682614744379,79.89979196709787,"[2.16358958975997, 0.06020594424518048]",real,1245mosE,482,330,1123
703,38,495.4705171580474,160.88061865635572,1551.39584340261,478,150,1543,514,170,1563,4138,6.133387088775635,1.7116584109850344,278.25443211037293,20,20,25,9,4,"[503, 159, 1547]",194.38582189226696,113.08910253612369,113.08910253612369,"[2.949184508450857, 0.06881587059357373]",real,1245mosE,496,160,1553
704,39,510.25752508361205,400.5451505016723,10.695652173913043,506,397,8,517,406,14,299,4.078335762023927,2.8247711344215314,85.02218758928062,9,6,5,7,3,"[511, 404, 11]",192.57651447855324,50.41641596688543,33.610943551320304,"[0.13276863282551424, 0.011420578445345194]",real,1245mosE,511,401,11
705,40,534.6164199192463,383.3028263795424,160.89636608344549,522,375,156,551,392,167,2229,5.4172635078430185,2.9086203167965667,224.1494036444671,17,11,21,10,4,"[543, 385, 160]",189.68466236140134,93.80096371365521,60.6947383504663,"[1.7912349416967202, 0.052530008853307844]",real,1245mosE,536,383,161
706,41,541.2835249042146,795.3532567049808,487.6750957854406,532,789,483,551,803,493,1305,3.9825828075408936,2.3199777811727635,146.85650583603015,14,10,4,6,4,"[536, 795, 487]",188.84190934841288,76.90464473649159,54.9318876100974,"[0.7267567698500866, 0.039262020051773226]",real,1245mosE,541,796,488
707,42,543.6573780873972,870.1209626345789,940.5028499050032,532,863,933,556,879,947,1579,3.95087194442749,2.4982622538745782,185.50295474024855,16,14,8,8,8,"[540, 871, 941]",188.6011811056572,87.77898402088907,76.80660971846491,"[0.6667224497151412, 0.022514925327130876]",real,1245mosE,544,871,940
708,43,544.1229357798165,9.869724770642202,606.2183486238532,533,4,602,556,16,611,1090,4.333356857299806,1.5152646289478258,177.7736649594049,12,9,3,7,4,"[536, 11, 606]",188.48082670372585,65.79222432158356,49.34416736437382,"[0.7704367469595147, 0.04673536880744445]",real,1245mosE,544,10,606
709,44,544.7143928035982,188.73088455772114,523.6116941529235,535,181,519,555,197,529,1334,5.698913097381593,2.854482084556917,154.58579561687384,16,10,14,7,6,"[549, 188, 525]",188.48082670372585,87.72296853327633,54.82685292089972,"[0.85740364442057, 0.0348815708534161]",real,1245mosE,545,189,524
710,45,557.5,872.0,940.0,557,872,940,559,873,941,2,0.31491324305534363,,15.458579561687383,1,1,1,0,0,"[558, 872, 940]",186.91680887123127,5.4371897033201195,5.4371897033201195,"[0.0004330629266851567, 0.0004330629266851567]",real,1245mosE,558,872,940
711,46,571.3835091083412,887.2205177372963,815.5254074784276,560,881,810,587,895,821,1043,5.21331787109375,1.7725986783703092,208.6908240827797,14,11,23,7,3,"[583, 888, 813]",185.23370517588643,75.43522695215373,59.27053420859822,"[0.7126363985370354, 0.03453462666618536]",real,1245mosE,573,888,815
712,47,572.4773838630807,563.9364303178484,1245.0048899755502,563,556,1239,582,572,1252,1636,6.477864265441895,2.488554537233454,146.85650583603015,16,13,11,7,7,"[574, 563, 1246]",185.1135319865354,86.15575825685555,70.00155186595303,"[1.2095650411944974, 0.030156469128220814]",real,1245mosE,572,564,1245
713,48,576.3333333333334,98.88500727802038,831.9090247452693,564,92,828,588,106,837,1374,5.216954231262207,1.7802809172126168,185.50295474024855,14,9,21,6,5,"[585, 98, 833]",184.63290386698762,75.19055450959316,48.336783474023704,"[0.8775380244469737, 0.04190078974141161]",real,1245mosE,576,99,832
1013,1,13.087810745789895,95.72574178027266,941.5425020048116,0,86,936,26,105,949,2494,4.627563953399658,2.5937885303998818,200.96153430193598,19,13,9,5,4,"[9, 91, 940]",322.7347570080068,178.3715196250219,122.04366471320424,"[1.2233934654160523, 0.02744895985641512]",real,1245mosF,13,95,942
1014,2,144.2643207855974,847.4296235679215,834.0270049099837,136,840,828,154,859,840,1222,3.799912691116333,5.3320995178095645,139.12721605518644,19,12,0,4,6,"[136, 844, 834]",306.06828735214475,169.16016740854315,106.83799392947559,"[0.6259505992343527, 0.022219322609902684]",real,1245mosF,145,849,834
1314,1,6.462998102466793,206.47817836812146,654.6214421252373,0,201,650,15,213,660,1054,4.533698081970215,1.7690613933618982,115.93934671265538,12,10,8,6,6,"[8, 207, 656]",395.2354543255457,137.96320891410474,114.96933933494527,"[0.6611428588354951, 0.03486313872833094]",real,1245mosG,7,207,655
1315,2,52.69258545979778,930.2611940298508,571.676215695715,36,923,561,71,939,580,4154,4.5631866455078125,1.8907654167944337,270.5251423295292,16,19,6,4,8,"[42, 927, 569]",389.1833076344799,181.13415378298,215.09681398750715,"[1.5074829777965788, 0.04122305794304018]",real,1245mosG,53,931,570
1316,3,63.2224025974026,915.7175324675324,637.1883116883117,57,911,633,70,923,642,616,4.056793689727783,2.2947716639928952,100.48076715096799,12,9,7,3,4,"[64, 914, 637]",387.7383745753765,135.3462342259828,101.50967386572607,"[0.4075308832772383, 0.014105055546499332]",real,1245mosG,63,917,637
1317,4,70.0985401459854,594.4963503649635,321.31021897810217,64,590,317,78,600,326,548,4.005438327789307,1.5797078727573992,108.21005693181169,10,9,2,2,6,"[66, 592, 323]",386.8193369826548,112.5211899088552,101.26907037526765,"[0.45324792135497544, 0.019838771810155694]",real,1245mosG,71,595,321
1318,5,104.81114808652245,243.1955074875208,336.46006655574035,90,235,333,120,250,341,1202,3.072909116744995,1.7407912687585267,231.87869342531081,15,8,4,8,2,"[94, 243, 335]",382.36058002089936,166.83629090519557,88.97935110883495,"[0.6924176532143407, 0.02380121751695756]",real,1245mosG,105,242,337
1319,6,117.48544698544698,67.51403326403326,429.12629937629936,103,61,424,134,74,435,1924,5.56445837020874,1.5531135044836786,239.60798320615444,13,11,29,10,5,"[132, 71, 429]",380.65801062912055,143.947615219092,121.80182661328806,"[1.2467725409498085, 0.04105840949491582]",real,1245mosG,118,67,429
1320,7,117.51932773109243,775.272268907563,771.9647058823531,110,770,769,125,782,776,595,4.2347936630249015,2.4425614869118744,115.93934671265538,12,7,14,3,3,"[124, 773, 772]",380.65801062912055,132.8747208037568,77.51025172530011,"[0.36252517408253304, 0.02082472882508104]",real,1245mosG,117,776,772
1321,8,168.47667087011348,678.2679697351829,522.7219419924338,154,673,518,185,685,528,1586,5.252202033996582,1.4911484636837962,239.60798320615444,12,10,20,6,6,"[174, 679, 524]",373.9906836083108,130.54738447650266,108.78948571363763,"[1.0748934269444745, 0.04374165793492517]",real,1245mosG,169,679,523
1322,9,163.37555886736212,715.0625931445602,903.7570789865872,156,710,899,171,721,909,671,5.720460891723633,2.1556453023535393,115.93934671265538,11,10,12,5,5,"[168, 715, 904]",374.6435000795016,119.87732128127695,108.9793823374814,"[0.5127572909871583, 0.028006366529388416]",real,1245mosG,163,715,904
1323,10,158.0,778.0,976.0,158,778,976,159,779,977,1,2.2381432056427,,7.7292897808436924,1,1,0,0,0,"[158, 778, 976]",375.2964996096946,10.916932916266902,10.916932916266902,"[0.002011526609634907, 0.0020115266096349064]",real,1245mosG,158,778,976
1324,11,168.83211678832114,47.32664233576642,1033.6751824817518,160,39,1028,180,56,1040,1644,6.889475345611572,3.444964757306213,154.58579561687384,17,12,11,7,6,"[171, 46, 1034]",373.9906836083108,184.94213557208928,130.54738447650266,"[1.118285791891337, 0.043638870789268376]",real,1245mosG,170,47,1034
1325,12,163.0731707317073,778.4146341463414,976.0975609756098,160,775,974,166,782,980,41,2.80371642112732,11.889246388720546,46.37573868506215,7,6,2,4,1,"[162, 779, 975]",374.6435000795016,76.28556653889102,65.38762822215034,"[0.01594265190279275, 0.0053791209938173845]",real,1245mosG,163,778,977
1326,13,171.79744136460553,22.83084577114428,1049.5060412224589,163,15,1045,184,34,1056,1407,3.939519643783569,2.0238493704646747,162.31508539771752,19,11,7,11,4,"[170, 26, 1049]",373.5990815618979,206.48360445123961,119.54313132693285,"[0.7764927750917485, 0.0359651766272343]",real,1245mosG,173,24,1050
1327,14,176.66329966329963,816.9685746352412,1075.3703703703704,163,813,1071,190,823,1081,891,4.652410984039307,1.6513746715388056,208.6908240827797,10,10,1,4,2,"[164, 817, 1073]",372.94655782503935,108.48576181900341,108.48576181900341,"[0.6211337047307394, 0.03154728174407818]",real,1245mosG,176,818,1076
1328,15,172.8076923076923,39.61713286713287,1319.9458041958044,164,36,1317,184,44,1325,572,4.202237606048584,1.5002282479762008,154.58579561687384,8,8,6,4,3,"[170, 40, 1320]",373.4685621821172,86.91008450896796,86.91008450896796,"[0.52279337308599, 0.03125843952698262]",real,1245mosG,174,40,1321
1329,16,167.0,779.5,975.5,167,779,975,168,781,977,2,3.038398265838623,inf,7.7292897808436924,2,2,0,0,1,"[167, 779, 976]",374.12123226152397,21.7654915665544,21.7654915665544,"[0.00466841860550344, 0.0027674481453012784]",real,1245mosG,167,780,976
1330,17,177.71735241502682,781.3828264758498,974.4830053667264,169,777,971,186,787,979,559,4.2499027252197275,2.6038600679088497,131.39792627434278,10,8,12,3,2,"[181, 780, 973]",372.81607502320526,108.44780590852707,86.75824384588584,"[0.3181275639547909, 0.025281131334723133]",real,1245mosG,177,782,975
1331,18,214.7971084337349,914.4163855421688,868.6515662650603,205,906,863,227,924,875,2075,4.102386951446533,2.0029294301087397,170.04437517856124,18,12,10,11,7,"[215, 917, 870]",367.99334773521883,192.68088857354428,128.45391919414487,"[1.0696834393783585, 0.022330634293816837]",real,1245mosG,216,915,869
1332,19,229.34212139791538,647.767014101778,670.9408338442672,208,639,665,247,658,677,3262,5.561330318450928,1.397232587064677,301.442301452904,19,12,2,3,8,"[210, 642, 673]",366.0410332826765,202.30636438741055,127.7724328453512,"[1.7826411294261948, 0.04648435410336614]",real,1245mosG,227,648,671
1333,20,228.45405405405404,594.3195945945946,786.0817567567567,213,587,781,247,602,792,1480,4.56956958770752,2.085222437077075,262.7958525486855,15,11,4,9,6,"[217, 596, 787]",366.17113658365577,159.77231298482116,117.16635941863224,"[0.8498043769393887, 0.029066369464720163]",real,1245mosG,230,594,786
1334,21,231.14719101123598,842.8443820224719,914.6022471910112,221,834,909,242,851,921,1780,6.364760875701903,2.5054991515489613,162.31508539771752,17,12,5,9,4,"[226, 843, 913]",365.7808485256877,180.88228996784642,127.68161122600542,"[1.4343581137600765, 0.05040126313062437]",real,1245mosG,231,842,915
1335,22,244.01180811808118,457.879704797048,1037.5512915129152,234,451,1034,253,465,1043,1355,3.7642934322357178,2.5642907114819122,146.85650583603015,14,9,10,6,3,"[244, 457, 1037]",364.0903572490165,148.27344032281275,95.31863711575596,"[0.4559862415801598, 0.02550205637973788]",real,1245mosG,243,458,1038
1336,23,259.02364394993043,294.6689847009736,641.1390820584145,240,291,635,276,300,647,719,5.571739196777344,2.2559284162939237,278.25443211037293,9,12,32,3,8,"[272, 294, 643]",362.14131757261634,94.80837969767242,126.41117517647444,"[0.5943758106036214, 0.029975056444345574]",real,1245mosG,258,295,641
1337,24,261.8384703196347,746.8390410958904,401.2517123287671,249,741,395,278,754,408,1752,6.886898994445801,1.4644975272480127,224.1494036444671,13,13,1,5,4,"[250, 746, 399]",361.88156914102274,136.8472156503413,136.8472156503413,"[1.5145224652110048, 0.054199981333554456]",real,1245mosG,263,747,401
1338,25,266.8647540983606,476.2158469945355,901.8292349726776,261,470,898,274,483,907,732,4.505122661590576,2.358455107984049,100.48076715096799,13,9,3,3,4,"[264, 473, 902]",361.23232514218523,136.6017009817455,94.57040602467572,"[0.47973612239215363, 0.024418338300043405]",real,1245mosG,267,476,902
1339,26,275.70238095238096,558.0467032967033,1203.7957875457876,266,552,1200,286,565,1209,1092,4.977978706359863,2.2050181984558783,154.58579561687384,13,9,6,5,4,"[272, 557, 1204]",360.0641432282214,136.15994750234472,94.26457670037381,"[0.6295814058488605, 0.03197643422323816]",real,1245mosG,276,558,1204
1340,27,349.18494055482165,983.5799207397623,921.5033025099077,341,977,918,363,989,926,757,5.742453575134277,1.4232365493421837,170.04437517856124,12,8,4,5,3,"[345, 982, 921]",350.4813280005162,122.34107073704088,81.56071198433716,"[0.5771341433486753, 0.030798756864218846]",real,1245mosG,352,983,922
1341,28,514.7270588235293,75.94431372549019,1171.9858823529412,498,71,1167,528,82,1177,1275,4.427224159240723,1.6532599586448768,231.87869342531081,11,10,3,7,7,"[501, 78, 1174]",329.25602466164736,105.35437087200104,95.7767002254316,"[0.7692951179515878, 0.03066874634508592]",real,1245mosG,513,76,1172
1342,29,528.125,386.66666666666674,1083.0625,527,384,1081,532,390,1086,48,6.938910961151122,1.6,38.64644890421846,6,5,0,1,0,"[527, 385, 1081]",327.46403664433114,57.15325817658753,47.627714999387244,"[0.17397957934593736, 0.013911255319516258]",real,1245mosG,529,387,1083
1343,30,539.9496221662469,988.5969773299748,1586.345088161209,532,982,1583,547,994,1590,397,3.175955057144165,4.513964673210213,115.93934671265538,12,7,7,2,3,"[539, 984, 1586]",326.0570226766829,113.81537927617715,66.39230279878471,"[0.13522340058605997, 0.012899582511708191]",real,1245mosG,539,988,1586
1344,31,559.6253237410072,95.63050359712228,940.9694964028777,541,87,930,578,105,949,3475,5.1583900451660165,2.152009390235817,285.98372189121665,18,19,4,6,9,"[545, 93, 939]",323.5010145435476,169.38475469818476,178.79502071398315,"[1.8440176758859925, 0.03866000511428821]",real,1245mosG,559,96,939
1345,32,545.0,100.0,930.2857142857144,545,99,929,546,102,932,7,1.4515938758850098,1.1666666666666663,7.7292897808436924,3,3,0,0,1,"[545, 99, 930]",325.289922437271,28.38690160945933,28.38690160945933,"[0.005643802812507831, 0.0013494919529650547]",real,1245mosG,545,100,930
1645,1,147.11510791366908,821.115107913669,1453.3908872901682,142,816,1451,152,828,1456,417,4.212887763977052,5.4603864703484275,77.29289780843692,12,5,7,5,2,"[149, 821, 1453]",450.01414461217087,157.08458026210587,65.45190624569473,"[1.4808525705307636, 0.08805095488335074]",real,1245mosH,147,822,1453
1946,1,80.86764705882355,718.9117647058823,1579.1176470588236,79,714,1577,85,725,1582,68,7.7331175804138175,6.854101966249687,46.37573868506215,11,5,1,8,2,"[80, 722, 1579]",112.99314554979388,36.15521317941011,16.43418736383254,"[0.3997949386067231, 0.02356106505160839]",real,1353mosC,82,719,1579
1947,2,90.07167710508003,680.599164926931,135.35768963117607,80,670,129,100,692,142,2874,6.142483234405518,2.8131146584473314,154.58579561687384,22,13,9,9,7,"[89, 679, 136]",111.83023633663132,71.56622517145497,42.289129298607335,"[2.087866827949571, 0.045561980390943134]",real,1353mosC,90,681,135
1948,3,92.83783783783785,555.8513513513514,1562.9324324324325,91,552,1561,95,561,1566,74,5.660643100738525,4.29123824637883,30.917159123374766,9,5,1,5,1,"[92, 557, 1562]",111.59772832650938,29.216218330171124,16.23123214927866,"[0.3906646054039657, 0.024641134190766672]",real,1353mosC,93,556,1563
1949,4,183.83443708609272,839.2715231788078,473.52980132450335,178,835,471,190,845,477,302,8.423247337341309,2.0248155407128,92.75147737012428,10,6,10,6,3,"[188, 841, 474]",101.0445782858864,29.392677913297373,17.63560642963096,"[1.0901115602571037, 0.0613770860008631]",real,1353mosC,184,840,474
1950,5,303.2182852946576,306.3737837341656,1092.2928217367357,284,295,1085,324,319,1102,5447,9.791152000427246,1.6435030662903352,309.1715912337477,24,17,7,10,9,"[291, 305, 1094]",87.2055827602936,60.88099317570758,43.12403334193343,"[5.708738550970906, 0.10664903577473124]",real,1353mosC,304,307,1093
1951,6,309.79986613119144,354.7663989290496,1195.4511378848727,299,348,1191,322,362,1201,1494,5.918200969696045,2.136775194961221,177.7736649594049,14,10,16,5,5,"[315, 353, 1196]",86.51592622534582,35.2330507214534,25.1664641196031,"[1.020622879009016, 0.03353661578221287]",real,1353mosC,310,355,1196
1952,7,347.307582260372,627.7294349070099,972.2167381974248,330,617,963,368,640,983,5592,15.861085891723633,1.4873871272752075,293.7130116720603,23,20,7,13,12,"[337, 630, 975]",82.15315147234544,54.96399058757182,47.79477268496903,"[8.353857274588902, 0.16967750296032838]",real,1353mosC,349,628,973
1953,8,349.64751381215467,399.9759668508288,1457.8292817679555,335,389,1449,362,412,1468,3620,7.482060432434082,3.3772704182828552,208.6908240827797,23,19,8,12,9,"[343, 401, 1458]",81.92377308173874,54.810526581914736,45.27825894390006,"[3.3634645907765512, 0.09592952094512747]",real,1353mosC,348,400,1458
1954,9,346.77272727272725,398.9090909090909,1449.2272727272727,344,397,1448,350,401,1451,22,0.6599594354629517,1.0,46.37573868506215,4,3,4,0,2,"[348, 397, 1450]",82.26784970884633,9.572299247882839,7.179224421737668,"[-0.008392463064967267, 0.0007043230233910708]",real,1353mosC,347,399,1449
1955,10,361.46273570787184,826.0706375336725,832.1056569889255,345,819,825,380,836,841,3341,10.822733879089355,1.7095291381761288,270.5251423295292,17,16,8,8,6,"[353, 827, 831]",80.54800884566012,39.83179641875145,37.48874922165348,"[3.665102589385786, 0.09440223257812722]",real,1353mosC,362,827,833
1956,11,352.05882352941177,400.0,1448.0588235294117,351,399,1447,356,402,1450,17,1.1948977708816528,inf,38.64644890421846,3,3,1,1,2,"[352, 400, 1449]",81.5797506946887,7.119176453248187,7.119176453248187,"[-0.013175673250271152, 0.0]",real,1353mosC,353,400,1448
1957,12,380.02311595564737,807.0355196391656,624.5006577710957,354,797,616,409,818,634,5321,12.296560287475586,2.3619978330916602,425.11093794640294,21,18,50,7,12,"[404, 804, 628]",78.37148832359202,47.8744249961671,41.03522007111448,"[4.986493636288619, 0.0991670959350474]",real,1353mosC,381,807,625
1958,13,373.3023009138381,646.3900130548302,1106.6906821148823,359,629,1088,387,664,1123,12256,19.40990257263184,1.4532038193158916,216.42011386362338,35,35,20,22,17,"[379, 651, 1105]",79.1731116302051,80.60686595968588,80.60686595968588,"[21.13806976037196, 0.15533594126517355]",real,1353mosC,373,646,1105
1959,14,369.08985507246376,112.46521739130436,1565.1057971014493,360,106,1560,380,120,1571,1380,3.552343845367432,1.5387738169965788,154.58579561687384,14,11,3,5,6,"[363, 111, 1566]",79.63131441699736,32.429337143802364,25.48019293112268,"[0.8422747878831187, 0.031136159225522455]",real,1353mosC,370,113,1565
1960,15,360.0,408.28571428571433,1458.428571428571,360,407,1458,361,411,1460,7,-0.07686872035264969,4.755712981531549,7.7292897808436924,4,2,0,0,1,"[360, 407, 1459]",80.66262273865483,9.385522603375588,4.692761285804496,"[-0.018534189907697146, 0.0]",real,1353mosC,360,409,1459
1961,16,379.7782849690251,780.6879686990544,105.73263775676556,367,770,98,394,790,114,3067,6.864503860473633,2.636146882111854,208.6908240827797,20,16,21,13,9,"[388, 783, 107]",78.48598789912344,45.66130310724084,36.529041002141426,"[3.6010548208942894, 0.11950121673326262]",real,1353mosC,380,780,106
1962,17,380.1808818796266,982.2848406823304,1207.1786289024785,369,972,1201,393,995,1214,3107,7.858943462371826,3.2643022278796363,185.50295474024855,23,13,4,11,5,"[373, 983, 1206]",78.37148832359202,52.43389534486626,29.636546533480335,"[3.3692275417990363, 0.0957519431271815]",real,1353mosC,381,983,1207
1963,18,394.0878661087866,633.652473541718,237.71277381245383,382,624,231,410,647,246,4063,14.765756607055664,1.6070568464082875,216.42011386362338,23,15,4,11,7,"[386, 635, 238]",76.76912530766164,51.361845592093026,33.49685294876994,"[5.776467418279989, 0.20506705879780168]",real,1353mosC,396,635,238
1964,19,403.8599907278628,315.44645340751043,1263.7292535929532,384,305,1257,422,326,1271,4314,9.433709144592283,2.1130165535895866,293.7130116720603,21,14,30,9,6,"[414, 314, 1263]",75.73965643234524,46.26673014214342,30.84448462998128,"[4.203238753345839, 0.09511786652941599]",real,1353mosC,403,315,1264
1965,20,396.31108312342565,879.4452141057933,1022.9653652392948,386,872,1018,406,888,1029,1588,7.287389278411865,2.225059892157982,154.58579561687384,16,11,11,6,5,"[397, 878, 1023]",76.54031242119109,35.62348242776759,24.49114323653648,"[1.708533170413537, 0.05043496869864869]",real,1353mosC,396,880,1023
1966,21,412.0617090671885,28.56829745596869,634.8808871493802,394,17,625,431,43,650,7665,11.069711685180664,1.9307801286186923,285.98372189121665,26,25,8,10,8,"[402, 27, 633]",74.71067364555125,56.504392605888825,54.331145954893465,"[7.12706949604889, 0.0901619598379319]",real,1353mosC,412,30,637
1967,22,403.33057228915663,488.6189759036145,696.0971385542167,394,481,692,413,497,701,1328,6.2383246421813965,2.6533078666698753,146.85650583603015,16,9,13,6,3,"[407, 487, 695]",75.73965643234524,35.25084017367821,19.828596618968128,"[0.9255856678426208, 0.040335685638554074]",real,1353mosC,403,489,696
1968,23,399.54545454545456,620.5454545454545,239.0,396,620,239,403,622,240,11,0.7149078249931335,inf,54.105028465905846,2,1,4,1,0,"[400, 621, 239]",76.19713812330754,4.432969915107901,2.216484955678451,"[-0.015737282733497136, -0.007040778220848519]",real,1353mosC,399,621,239
1969,24,414.3831865492393,951.9702161729384,721.3261809447557,400,940,712,429,967,732,6245,8.641249656677246,1.551580345847154,224.1494036444671,27,20,6,15,7,"[406, 955, 719]",74.48207678143194,58.49809975400877,43.33192172270194,"[5.5378809902041874, 0.054662396166954244]",real,1353mosC,414,953,722
1970,25,407.9268292682927,804.3170731707318,622.219512195122,401,802,621,415,807,626,123,1.3723244667053225,2.7176470691505155,108.21005693181169,5,5,12,4,3,"[413, 806, 624]",75.28227075886362,10.949362784848974,10.949362784848974,"[-0.12547698455166806, 0.0021117040314567177]",real,1353mosC,408,804,623
1971,26,424.538147566719,703.8028257456829,366.6015698587127,410,695,359,440,714,374,3185,8.232834815979004,2.6770559461771137,231.87869342531081,19,15,20,10,6,"[430, 705, 365]",73.33945213933241,40.5338106370574,32.00037559121952,"[3.3581590221657507, 0.10162726411675202]",real,1353mosC,425,704,366
1972,27,420.5693548387097,150.53548387096774,1265.767741935484,416,143,1261,428,158,1272,620,9.250303268432617,3.683874850733911,92.75147737012428,15,11,5,8,5,"[421, 151, 1266]",73.79643007556645,32.19976984860514,23.613163862986244,"[1.6499974164926028, 0.06737558527315814]",real,1353mosC,422,150,1266
1973,28,426.6944257891202,471.40362659503023,618.9482874412357,416,464,613,437,480,625,1489,4.237973690032959,2.4467678217846176,162.31508539771752,16,12,5,8,6,"[421, 472, 619]",73.1109991202037,34.027407388972584,25.52055473553616,"[0.8339666271627811, 0.026908852860933783]",real,1353mosC,426,472,619
1974,29,419.4285714285714,229.09523809523807,506.0476190476191,418,228,504,422,232,509,21,1.0087069272994995,1.8333333333333333,30.917159123374766,4,5,2,1,1,"[420, 229, 505]",73.91068954111981,8.599899479673477,10.749874376880172,"[-0.021043502225109534, 0.000400550357762527]",real,1353mosC,420,230,506
1975,30,418.0,654.0,918.0,418,654,918,419,655,919,1,1.6626329421997068,,7.7292897808436924,1,1,0,0,0,"[418, 654, 918]",74.02495500021391,2.1532987083744595,2.1532987083744595,"[0.001643278157962255, 0.0016432781579622552]",real,1353mosC,418,654,918
1976,31,441.3984910836763,651.074074074074,915.1255144032922,420,645,910,456,657,921,1458,5.016946315765381,2.0932995350241894,278.25443211037293,12,11,28,4,5,"[448, 649, 915]",71.3983649722204,24.922732601499995,22.84583806983561,"[0.9916452207909064, 0.05154833813387502]",real,1353mosC,438,651,915
1977,32,423.0,228.61538461538458,505.5384615384616,423,227,504,424,231,508,13,0.0915168523788452,2.23960674630709,7.7292897808436924,4,4,0,0,2,"[423, 227, 506]",73.4536876354368,8.546724891866301,8.546724891866301,"[-0.02251595725917694, 0.00012434429876477743]",real,1353mosC,423,229,506
1978,33,425.0,703.5,359.0,425,703,359,426,705,360,2,-1.2031431198120115,inf,7.7292897808436924,2,1,0,0,0,"[425, 703, 359]",73.22522263441225,4.260070876154545,2.1300354362749228,"[-0.003435586151437261, -0.0014059084428829473]",real,1353mosC,425,704,359
1979,34,452.37263014882967,225.65895757426048,509.06163156919655,426,196,484,482,255,534,32386,25.91781806945801,7.351171519407925,432.8402277272467,59,50,43,23,14,"[469, 219, 498]",70.14328894798864,120.38286957326672,102.0193527660965,"[90.77546681556221, 0.34036703463124984]",real,1353mosC,454,225,509
1980,35,440.8511705685619,1.2709030100334449,936.5267558528427,430,0,931,452,5,943,598,4.1641759872436515,6.446000927980571,170.04437517856124,5,12,18,0,4,"[448, 0, 935]",71.51249868226661,10.401071644494467,24.96257278463872,"[0.3220470325343125, 0.028792577644691193]",real,1353mosC,441,2,937
1981,36,444.4824915824916,59.83468013468013,1202.4973063973066,431,52,1196,461,69,1210,2970,6.761049747467041,2.507900199909177,231.87869342531081,17,14,7,8,8,"[438, 60, 1204]",71.05599973926843,35.137902929029266,28.937095770741333,"[2.6920650845272975, 0.07557453974926309]",real,1353mosC,446,60,1203
1982,37,447.15934684684686,848.2911036036037,870.4527027027028,435,841,866,460,856,876,1776,4.653791427612305,2.225375637042426,193.23224452109227,15,10,9,6,5,"[444, 847, 871]",70.71368834221829,30.85466989980197,20.5697792079798,"[1.0354094637596931, 0.05374801721948357]",real,1353mosC,447,848,871
1983,38,460.2562520298798,680.4902565768108,366.5436830139656,441,669,357,482,692,378,6158,8.591963768005371,2.0187678792642982,316.9008810145914,23,21,5,9,8,"[446, 678, 365]",69.23096074909154,46.31848939188339,42.29079361246794,"[5.021286943659643, 0.07202235770180801]",real,1353mosC,461,680,367
1984,39,443.5,219.75,507.25,443,219,507,445,221,509,4,-1.2948487997055054,inf,15.458579561687383,2,2,1,1,0,"[444, 220, 507]",71.17011550119156,4.1405095866065285,4.1405095866065285,"[-0.013578799176417355, 0.0]",real,1353mosC,444,220,508
1985,40,446.66666666666674,219.0,503.66666666666674,446,219,503,448,220,505,3,0.35879459977149963,inf,15.458579561687383,1,2,1,0,1,"[447, 219, 504]",70.82778616025205,2.0602968344317456,4.120593672350172,"[1.1920007298308462e-05, 0.000457887448516788]",real,1353mosC,447,219,504
1986,41,465.2807794508415,484.9774136403897,442.4495128432241,455,477,436,477,493,450,2258,6.772840976715088,1.7345495527365733,170.04437517856124,16,14,7,8,6,"[462, 485, 442]",68.66094980309752,31.956260190378963,27.96172719337989,"[1.7930468422458057, 0.055706912987013156]",real,1353mosC,466,485,443
1987,42,469.11945812807886,41.77709359605911,824.1668719211823,458,35,818,480,50,831,1624,6.606844425201416,1.574622655089689,170.04437517856124,15,13,11,8,7,"[469, 43, 825]",68.20504854332951,29.76006919791768,25.79205956414361,"[1.219995883526618, 0.04834930126824294]",real,1353mosC,469,42,824
1988,43,460.0,229.0,513.5,460,229,513,461,230,515,2,-0.2724696397781372,inf,7.7292897808436924,1,2,0,0,1,"[460, 229, 514]",69.23096074909154,2.013847064954122,4.0276941333163165,"[-0.0021153185442061686, -0.0004614459419222996]",real,1353mosC,460,229,514
1989,44,478.57560614473437,614.129927817879,977.3697945585783,465,604,970,496,627,987,5403,12.290163040161133,1.5472019340471783,239.60798320615444,23,17,25,7,5,"[490, 611, 975]",67.17961990951135,44.946054170861565,33.220994312250255,"[5.015958951169203, 0.10081727536850962]",real,1353mosC,480,615,978
1990,45,479.0846153846154,747.0218934911243,977.5674556213015,467,740,973,494,756,984,1690,4.368776321411134,2.8746737511686744,208.6908240827797,16,11,22,5,4,"[489, 745, 977]",67.06571322991158,31.213803304126586,21.459488954470142,"[1.0098204176100443, 0.027161520869627743]",real,1353mosC,480,748,978
1991,46,479.7082268778743,808.9202861522739,1128.2038834951456,470,801,1122,490,818,1135,1957,3.526384830474853,2.3446234540192106,154.58579561687384,17,13,14,8,7,"[484, 809, 1129]",67.06571322991158,33.1646663193231,25.36121456227341,"[1.1122052336892128, 0.028774761674479284]",real,1353mosC,480,809,1128
1992,47,492.246948738812,164.03783563873068,576.1084892866829,477,149,565,510,179,589,7374,21.12226104736328,2.0458379301159018,255.06656276784184,30,24,7,10,12,"[484, 159, 577]",65.58546907007684,57.23413475071639,45.787303616288405,"[14.096695071676441, 0.184433459697125]",real,1353mosC,493,164,577
1993,48,496.5394336175396,429.6408343483557,815.0937880633372,481,413,803,514,444,825,6568,16.431657791137695,1.7251233238886594,255.06656276784184,31,22,7,14,11,"[488, 427, 814]",65.1302119907414,58.73141049824878,41.68035022981695,"[10.437247992550375, 0.1851721536660515]",real,1353mosC,497,428,814
1994,49,493.1606145251397,463.20391061452517,601.2695530726257,483,455,598,502,471,606,716,6.535782337188722,4.3412157696235365,146.85650583603015,16,8,17,9,3,"[500, 464, 601]",65.47164586254215,30.47189059102352,15.235944470421135,"[1.4273613461642043, 0.06660489585869452]",real,1353mosC,492,463,602
1995,50,498.44066193853433,438.8874704491726,61.617966903073295,489,431,56,509,448,69,2115,5.050403594970703,2.018674741736057,154.58579561687384,17,13,5,9,3,"[494, 440, 59]",64.90261919719866,32.09499467404718,24.54323039063057,"[1.849154044125339, 0.040873226791114055]",real,1353mosC,499,439,62
1996,51,506.5197411003237,997.052427184466,669.6,490,991,660,524,1000,680,1545,5.244650363922119,5.62460746285041,262.7958525486855,9,20,16,8,11,"[506, 999, 671]",63.99248624322008,16.75319451039643,37.229324483921616,"[1.346124668764023, 0.04247297574836042]",real,1353mosC,507,995,670
1997,52,517.715166461159,458.3498766954377,794.8172009864364,496,450,790,542,466,800,3244,4.039140701293944,2.5880164809676875,355.5473299188098,16,10,8,8,6,"[504, 458, 796]",62.74167543986425,29.201304538990804,18.250814533827928,"[0.7499169678778704, 0.04348144351755819]",real,1353mosC,519,458,795
1998,53,510.04447852760734,240.74948875255626,311.53936605316966,500,233,306,521,251,319,1956,6.39214563369751,2.2777632835324155,162.31508539771752,18,13,8,9,5,"[508, 242, 311]",63.537562645990384,33.26819385125258,24.027027842151746,"[1.7397727685238524, 0.053180870405774044]",real,1353mosC,510,242,312
1999,54,513.3432601880878,161.57680250783702,576.3840125391848,507,156,572,521,169,581,638,2.146136522293091,2.7876757648721524,108.21005693181169,13,9,8,1,5,"[515, 157, 577]",63.1964324334317,23.898027849492074,16.544788100533907,"[-0.5650335773553951, 0.002692024909483941]",real,1353mosC,514,162,576
2000,55,537.1576292559901,574.8650693568726,415.5863808322825,528,568,410,549,582,422,1586,6.2748613357543945,1.7702886124661072,162.31508539771752,14,12,5,7,5,"[533, 575, 415]",60.46931728995133,24.625737897311613,21.107775030970007,"[1.2647897459713773, 0.058768390849017846]",real,1353mosC,538,575,416
2001,56,552.9244644870349,581.7677564825252,424.3167981961668,546,576,420,562,588,430,887,4.006527900695802,1.4999251428717977,123.66863649349906,12,10,10,7,5,"[556, 583, 425]",58.76660766892153,20.51341721059921,17.094514130017266,"[0.6086540700672876, 0.02772862725009243]",real,1353mosC,554,582,425
2002,57,581.0170454545455,413.0511363636364,1570.0530303030305,573,407,1565,599,424,1576,1056,4.3143181800842285,1.5699508430621292,200.96153430193598,17,11,10,6,6,"[583, 413, 1571]",55.47848515988003,27.434666085207986,17.75184191984699,"[1.0630778551127826, 0.04596073174000708]",real,1353mosC,586,415,1570
2003,58,581.0,421.0,1574.0,581,421,1574,582,422,1575,1,1.9177348613739011,,7.7292897808436924,1,1,0,0,0,"[581, 421, 1574]",55.47848515988003,1.6138037562737606,1.6138037562737606,"[0.0037691080913224064, 0.0037691080913224064]",real,1353mosC,581,421,1574
2004,59,635.8235294117648,560.8235294117649,1466.0588235294117,630,560,1466,644,562,1468,17,0.6198077201843262,,108.21005693181169,2,2,11,1,0,"[641, 561, 1466]",49.369027408866295,2.8721736620538287,2.8721736620538287,"[-0.04304816581957629, 0.0]",real,1353mosC,637,561,1467
2005,60,633.0,567.5,1465.0,633,567,1465,634,569,1466,2,0.05918950214982033,inf,7.7292897808436924,2,1,0,0,0,"[633, 567, 1465]",49.59499674691478,2.885320025578463,1.442660011568511,"[0.0001339551016329765, 0.00014320486429759348]",real,1353mosC,633,568,1465
2006,61,639.3461538461537,567.4807692307693,1465.3846153846155,635,564,1464,646,570,1467,52,0.6903836727142334,18.25145986224952,85.02218758928062,6,3,10,5,2,"[645, 569, 1466]",48.91715944296098,8.537655223328915,4.268827579155474,"[-0.1322496855927293, 0.0]",real,1353mosC,640,567,1465
2007,62,638.0,564.125,1472.125,638,563,1471,639,566,1474,8,0.9759275913238524,1.6,7.7292897808436924,3,3,0,0,2,"[638, 563, 1473]",49.03011759681591,4.2786850379277634,4.2786850379277634,"[0.009155929753351666, 0.0022318982679800318]",real,1353mosC,638,564,1472
2008,63,647.2736916548797,564.4144271570015,1470.9179632248938,640,553,1463,652,578,1478,1414,3.910530805587769,2.5132416214401503,92.75147737012428,25,15,8,17,9,"[648, 570, 1472]",48.01370624867111,34.91655950538019,20.949933339629464,"[2.006994551784784, 0.09483574713890668]",real,1353mosC,646,565,1470
2305,1,70.28636047320808,563.1200417536535,888.5706332637441,54,555,882,88,573,896,2874,6.08917760848999,1.533120859126384,262.7958525486855,18,14,4,9,9,"[58, 564, 891]",179.35281643907277,93.9089259420897,73.04027309577721,"[1.8088159236491337, 0.052048235511084194]",real,1353mosD,71,564,889
2306,2,207.77101769911502,390.7876106194689,1562.9646017699115,201,384,1558,217,399,1569,904,4.225968360900879,2.3313920794956204,123.66863649349906,15,11,5,8,5,"[206, 392, 1563]",162.99216774352146,71.11875578659348,52.15375271364804,"[0.7662803584318978, 0.0325159912214372]",real,1353mosD,209,391,1563
2307,3,240.6650210716436,154.01468994581575,1157.7695364238411,213,141,1143,266,166,1168,8305,9.223742485046387,2.896664118877254,409.6523583847156,25,25,6,11,18,"[219, 152, 1161]",159.06919586190108,115.6784067869947,115.6784067869947,"[7.529669860119409, 0.08877234278466868]",real,1353mosD,239,153,1155
2308,4,249.26103404791928,865.3348045397224,1103.656683480454,226,856,1098,273,877,1111,3172,4.50255298614502,2.261601862841399,363.27661969965345,21,13,8,12,4,"[234, 868, 1102]",158.00049572336633,96.5170247964844,59.74862981399981,"[1.88943405066216, 0.047065795210614596]",real,1353mosD,249,866,1104
2309,5,248.33726578764742,250.13115891741845,854.3164469118667,233,244,850,265,258,860,1441,4.287962913513184,1.626768264055956,247.33727298699813,14,10,26,6,4,"[259, 250, 854]",158.11921478707671,64.39302632117418,45.9950175554267,"[0.8154474633408632, 0.054679976162133145]",real,1353mosD,249,251,855
2310,6,248.9041863207547,521.6252948113207,736.9301297169812,236,512,729,263,532,749,3392,7.170614719390869,2.5682083904953856,208.6908240827797,20,20,17,10,9,"[253, 522, 738]",158.11921478707671,91.99004289467906,91.99004289467906,"[2.3950468375167806, 0.05685351304736072]",real,1353mosD,249,522,739
2311,7,269.69131390874105,19.325728422210005,1242.6338647608575,257,8,1236,283,32,1250,3638,8.33591365814209,2.581773142061316,200.96153430193598,24,14,5,8,7,"[262, 16, 1243]",155.62744671273148,108.6484743449778,63.37826990833949,"[3.5466983506604945, 0.07701228706368114]",real,1353mosD,270,20,1243
2312,8,272.6444017299376,135.14031715521386,876.7188851513695,260,125,873,288,145,883,2081,5.514204502105713,2.674314219133934,216.42011386362338,20,10,23,13,4,"[283, 138, 877]",155.2717080926651,90.33343042468584,45.166711390517996,"[1.4284578994665522, 0.04775606343434134]",real,1353mosD,274,135,878
2313,9,270.02708333333334,19.016666666666666,383.81354166666665,261,13,380,280,26,389,960,4.853745937347412,2.2684343962590705,146.85650583603015,13,9,3,6,4,"[264, 19, 384]",155.50886083622214,58.806406374623535,40.712126479621276,"[0.7451649449465857, 0.04463086591329998]",real,1353mosD,270,19,384
2314,10,540.6864216054014,138.31132783195798,902.5446361590398,528,130,896,555,147,911,2666,3.6649227142333984,1.6179944359773633,208.6908240827797,17,15,20,6,7,"[548, 136, 903]",123.72084649555784,61.18119666755955,53.98340784984087,"[-0.03162944152067651, 0.006530108104023905]",real,1353mosD,541,138,903
2315,11,641.938689217759,680.1568710359408,135.04270613107823,632,670,129,652,691,141,2365,6.052082061767577,3.2691032461558334,154.58579561687384,21,12,9,9,7,"[641, 679, 136]",111.9464876628882,68.38422801252281,39.0766984479941,"[1.8945077064685305, 0.04305162775500725]",real,1353mosD,642,680,135
2614,1,76.56593617839293,170.18646674356017,836.2195309496348,53,162,831,100,178,843,2601,4.42803955078125,1.5689756985125698,363.27661969965345,16,12,37,8,4,"[90, 170, 835]",245.77064631808776,114.38686390767201,85.7901452206468,"[1.576991773893149, 0.06074038770735387]",real,1353mosE,76,170,837
2615,2,112.15,548.6666666666666,1568.2333333333331,110,544,1566,114,553,1571,60,5.876105785369872,4.329467738462917,30.917159123374766,9,5,2,7,3,"[112, 551, 1569]",241.33062252380714,63.180212206315964,35.10011733799216,"[0.31037342605760027, 0.018014711089010028]",real,1353mosE,112,548,1568
2616,3,128.54197662061637,398.6663124335813,1484.0207226354944,118,387,1479,142,408,1495,1882,3.911351203918457,2.3798861500439514,185.50295474024855,21,16,9,15,4,"[127, 402, 1483]",239.360072081424,146.21676917279794,111.4032468900798,"[1.1927506620584765, 0.03934544094902041]",real,1353mosE,130,397,1487
2617,4,283.7631352282515,451.7726098191215,614.2540913006029,275,446,611,294,459,619,1161,3.082525968551636,2.7960845277852697,146.85650583603015,13,8,10,6,0,"[285, 452, 611]",220.3588566674564,83.32973699216683,51.27983663034334,"[0.09881519811246896, 0.01378311036856606]",real,1353mosE,284,452,615
2618,5,363.5492842535787,749.2014996591682,967.7060668029993,337,740,957,393,760,979,7335,5.831040859222412,1.8085795810448853,432.8402277272467,20,22,47,9,15,"[384, 749, 972]",210.61411896621144,122.5303443608444,134.78338199028022,"[5.756480346363715, 0.08907004428514387]",real,1353mosE,365,750,968
2619,6,359.2498718605844,537.4718093285495,1181.3426447975398,339,526,1175,384,550,1188,3902,4.989088535308838,2.7066566133264827,347.81804013796614,24,13,39,9,8,"[378, 535, 1183]",211.10035408011882,147.37587674252583,79.82859073822513,"[2.3922992870256263, 0.05895291583894231]",real,1353mosE,361,538,1181
2620,7,357.6479012345679,972.3503703703703,661.4264197530864,340,962,654,381,982,669,4050,5.451467514038086,4.419124354302758,316.9008810145914,20,15,7,11,7,"[347, 973, 661]",211.3435111015031,122.95468756228816,92.21601111999708,"[2.704463248532636, 0.07056328505792822]",real,1353mosE,360,972,661
2621,8,370.0412789310427,483.591028394178,970.3841565258888,343,475,962,403,491,981,4191,5.599796772003174,1.3482977927422373,463.7573868506215,16,19,53,10,11,"[396, 485, 973]",209.76346065794155,97.62835711481951,115.93367750729206,"[2.788681494741029, 0.0641264540385944]",real,1353mosE,373,483,971
2622,9,365.3998444185142,867.4165694282381,878.0544535200311,351,856,872,381,877,885,2571,6.6164093017578125,2.8970351603855913,231.87869342531081,21,13,16,16,6,"[367, 872, 878]",210.3710408651497,128.50837508252908,79.55279751934853,"[1.5590523299741212, 0.04592009641534175]",real,1353mosE,366,866,878
2623,10,352.0,974.5,653.0,352,974,653,353,976,654,2,-5.443933010101318,inf,7.7292897808436924,2,1,0,1,0,"[352, 975, 653]",211.9515187938134,12.33083983750041,6.165419913533275,"[-0.011552710940982295, -0.00567804190645677]",real,1353mosE,352,975,653
2624,11,367.1783536585366,621.172256097561,1385.4550304878048,358,617,1381,378,628,1391,1312,4.131585597991943,1.5749138597655012,154.58579561687384,11,10,7,6,3,"[365, 623, 1384]",210.12798906232356,67.23613368353496,61.12375753207952,"[0.918625691283194, 0.0428193463018664]",real,1353mosE,368,622,1386
2625,12,374.6028159790439,322.15324165029466,985.3474132285527,361,313,980,389,332,992,3054,5.372406482696533,2.8349109890796904,216.42011386362338,19,12,20,9,7,"[381, 322, 987]",209.27751478943557,115.66510121936912,73.05163840422547,"[2.160838021882844, 0.06049699301062108]",real,1353mosE,375,322,986
2626,13,376.90625,466.00607638888886,103.28645833333331,361,458,98,391,474,112,2304,5.416049003601074,2.066569395562787,231.87869342531081,16,14,4,9,3,"[365, 467, 101]",209.03458127587325,97.28912121366209,85.12797962131712,"[2.0693990572533254, 0.0770696866769141]",real,1353mosE,376,466,105
2627,14,373.31071983428274,8.602796478508544,92.68772656654585,364,0,87,383,19,100,1931,3.6394076347351074,2.469904353075201,146.85650583603015,19,13,10,9,7,"[374, 9, 94]",209.39899140058938,115.73223984407534,79.18521244720675,"[1.529120490922574, 0.030140702269080125]",real,1353mosE,373,9,93
2628,15,385.358698895852,202.07072515666962,231.57863324380784,365,196,224,407,210,240,3351,5.906285762786865,1.5273878773644858,324.63017079543505,14,16,4,7,5,"[369, 203, 229]",207.9417055536672,84.68291306036468,96.78047370682279,"[3.163470148322993, 0.09802747709218432]",real,1353mosE,386,203,232
2629,16,367.0,753.0,962.0,367,753,962,368,754,963,1,5.639050006866455,,7.7292897808436924,1,1,0,0,0,"[367, 753, 962]",210.12798906232356,6.112375582530465,6.112375582530465,"[0.005693987177843308, 0.005693987177843308]",real,1353mosE,367,753,962
2630,17,367.0,859.5,882.5,367,859,882,368,861,884,4,-1.6337134838104248,1.0,7.7292897808436924,2,2,0,1,1,"[367, 860, 883]",210.12798906232356,12.224751175405022,12.224751175405022,"[-0.009572592821606515, -0.0014018296889451505]",real,1353mosE,367,860,883
2631,18,367.0,866.0,868.5,367,865,868,368,868,870,4,-1.7467802762985232,6.854101966249684,7.7292897808436924,3,2,0,2,1,"[367, 867, 869]",210.12798906232356,18.33712678896775,12.224751175405022,"[-0.0146982250225922, 0.0]",real,1353mosE,367,866,869
2632,19,367.0,866.5,871.0,367,866,871,368,868,872,2,-6.836320877075195,inf,7.7292897808436924,2,1,0,0,0,"[367, 866, 871]",210.12798906232356,12.224751175405022,6.112375582530465,"[-0.01360615135254389, -0.006428479763294365]",real,1353mosE,367,867,871
2633,20,379.33333333333326,865.0,869.3333333333335,379,865,869,381,866,871,3,1.4081735610961914,,15.458579561687383,1,2,0,0,0,"[379, 865, 869]",208.6702302694032,6.069971097098384,12.139942204469097,"[0.0054074882810583695, 0.0037673582071945213]",real,1353mosE,380,865,870
2634,21,388.7998638529612,634.4914908100749,1154.4009530292715,381,627,1150,397,644,1160,1469,4.8674163818359375,3.5086189077787995,123.66863649349906,17,10,3,8,3,"[384, 635, 1153]",207.5775318156452,102.64916671286736,60.381859553435326,"[1.1480136066431854, 0.03328634881217612]",real,1353mosE,389,635,1155
2635,22,384.0,740.0,969.0,384,740,969,385,741,970,1,5.442721366882324,,7.7292897808436924,1,1,0,0,0,"[384, 740, 969]",208.06310992676632,6.052310681774605,6.052310681774605,"[0.005499297869762736, 0.005499297869762736]",real,1353mosE,384,740,969
2636,23,407.53331291162505,271.0927400827079,619.0944248736407,385,256,607,434,289,632,13058,7.801932334899902,3.0158778577092966,378.7351992613409,33,25,13,20,13,"[398, 276, 620]",205.27246907011374,197.04748998629702,149.27838196830137,"[10.617864268732127, 0.07681127025675068]",real,1353mosE,409,272,619
2637,24,420.33044164037847,469.0402208201893,36.46214511041009,401,463,31,433,475,43,1268,4.997459888458252,2.1414952560564418,247.33727298699813,12,12,1,6,10,"[402, 469, 41]",203.69668395521492,71.10356081688012,71.10356081688012,"[1.348383606269701, 0.053015984610650456]",real,1353mosE,417,469,37
2638,25,592.2872340425532,624.9042553191489,1544.414893617021,591,621,1542,595,631,1548,94,7.781067848205566,3.558740330674036,30.917159123374766,10,6,2,3,2,"[593, 624, 1544]",182.9515254113797,53.21844428850694,31.931065996703587,"[0.4653555857412875, 0.01882857531446005]",real,1353mosE,593,626,1545
2939,1,13.388296152602653,512.2185580342708,1498.0087293889428,6,500,1490,22,525,1511,3093,6.014608383178711,2.675480885904435,123.66863649349906,25,21,7,14,8,"[13, 514, 1498]",322.99015156371337,234.88511360312458,197.3034851870084,"[3.8662990703997844, 0.06575015264645753]",real,1353mosF,14,512,1500
2940,2,249.86735395189004,947.2886597938144,509.95807560137456,240,941,506,261,955,515,1455,4.1517486572265625,2.6320733851403197,162.31508539771752,14,9,15,7,1,"[255, 948, 507]",293.04859006463226,119.34214066788513,76.71994508371469,"[0.5183817822438457, 0.03398618329498586]",real,1353mosF,250,948,510
2941,3,442.3565629228688,697.9560216508796,414.7943166441137,432,692,409,458,705,421,1478,5.21405839920044,1.7542184957538147,200.96153430193598,13,12,2,6,8,"[434, 698, 417]",268.85031341031606,101.66700919378964,93.84646936329416,"[1.0249407177362697, 0.02520939003299198]",real,1353mosF,445,698,415
2942,4,465.8308227114716,704.8731170336039,973.2479721900348,453,698,968,481,712,980,1726,3.8960578441619873,2.0680675405703624,216.42011386362338,14,12,4,9,6,"[457, 707, 974]",265.983637674126,108.32011406593136,92.84581069476481,"[0.954451192257301, 0.04863408972120342]",real,1353mosF,467,705,974
2943,5,627.8180515759312,684.9899713467049,1286.0300859598856,618,680,1283,636,692,1290,698,2.433584451675415,4.463664676205397,139.12721605518644,12,7,2,9,5,"[620, 689, 1288]",245.8941055633696,85.83324062988396,50.06938902582036,"[0.09949976877787978, 0.010033473220491241]",real,1353mosF,627,686,1286
3244,1,202.59964881474977,202.63447468539653,44.22885572139303,184,194,38,219,212,52,3417,7.270652770996094,2.0842537855300054,270.5251423295292,18,14,29,7,5,"[213, 201, 43]",369.81698726337004,193.6357441079841,150.60557331336966,"[2.9594651703739743, 0.05810983751971454]",real,1353mosG,201,203,45
3245,2,190.42857142857144,386.1428571428572,471.57142857142856,190,383,470,192,389,475,14,2.7076199054718018,19.28147006790395,15.458579561687383,6,5,0,4,3,"[190, 387, 473]",371.381246107254,64.81825747407039,54.01521439413854,"[0.012870047926227795, 0.005347068551273858]",real,1353mosG,191,386,472
3246,3,267.0,629.0,1069.0,267,629,1069,268,630,1070,1,1.2351726293563845,,7.7292897808436924,1,1,0,0,0,"[267, 629, 1069]",361.362158756174,10.511599361361684,10.511599361361684,"[0.001097297779574871, 0.001097297779574871]",real,1353mosG,267,629,1069
3247,4,282.4559204840104,632.2445980985308,1068.4325842696628,270,625,1063,296,642,1075,2314,3.834054708480835,1.8555340596602936,200.96153430193598,17,12,20,7,5,"[290, 632, 1068]",359.4154065235495,177.7345151987598,125.45965265634668,"[1.207455844202099, 0.026259119103469633]",real,1353mosG,283,633,1069
3248,5,280.3676767676768,83.30707070707071,1202.0707070707072,276,78,1198,284,90,1207,495,4.77252721786499,1.8460138289498609,61.83431824674953,12,9,5,5,4,"[281, 83, 1202]",359.6748791830941,125.55022570677643,94.16266760687279,"[0.31670663365120305, 0.023673790786126084]",real,1353mosG,280,84,1202
3249,6,343.09785647716683,731.4405094749923,1263.2398260329296,326,723,1253,360,740,1270,3219,4.707163333892822,1.6092678749799263,262.7958525486855,17,17,6,11,10,"[332, 734, 1263]",351.5153998287435,173.82788283274766,173.82788283274766,"[1.9018570775060926, 0.051537350842344926]",real,1353mosG,343,731,1261
3250,7,346.16337644656227,760.3369639210347,1314.7739959155888,337,752,1310,357,768,1321,1469,3.86666488647461,2.8029409379827843,154.58579561687384,16,11,1,7,6,"[338, 759, 1316]",351.1275685580253,163.42220684440892,112.35276292745442,"[0.9557292364122426, 0.04004455064144137]",real,1353mosG,347,760,1315
3251,8,341.2763157894737,464.3815789473685,1568.9868421052633,340,462,1565,344,469,1574,76,4.974275588989258,4.2416221900570115,30.917159123374766,7,9,1,1,5,"[341, 463, 1570]",351.7739900772891,71.62883680351487,92.09421957859124,"[0.34079477363847993, 0.017512319847181282]",real,1353mosG,342,465,1569
3252,9,353.2352941176471,644.0882352941177,1492.8529411764707,352,642,1491,355,647,1497,34,7.092325687408447,3.8706542212051915,23.187869342531076,5,6,1,3,1,"[353, 645, 1492]",350.222881318321,50.93785488209266,61.125426048158026,"[0.1875005597727937, 0.016711806724064242]",real,1353mosG,353,644,1494
3253,10,375.5188452285485,514.8211708099439,1310.8765036086606,367,509,1305,385,521,1317,1247,4.273413181304932,1.33435607022724,139.12721605518644,12,12,14,4,4,"[381, 513, 1309]",347.38187688568297,121.25915812774706,121.25915812774706,"[0.9766759673231301, 0.02866693874212864]",real,1353mosG,376,515,1311
3254,11,388.4109232769831,432.03511053315987,1423.7776332899869,368,424,1417,406,442,1430,1538,4.215743064880371,1.709349811491227,293.7130116720603,18,13,34,8,9,"[402, 432, 1426]",345.7047387054972,181.0105988268797,130.7298712152433,"[1.2952148122897715, 0.0394792761578228]",real,1353mosG,387,433,1423
3255,12,409.5069576217584,481.06008855154965,1324.4364326375712,388,471,1313,429,493,1334,6324,4.402415752410889,3.006216145755158,316.9008810145914,22,21,25,10,13,"[413, 481, 1326]",342.9980805768794,219.50304919369216,209.52563532551872,"[4.338944706795727, 0.06938679042936488]",real,1353mosG,408,482,1323
3256,13,419.7539410555175,339.8903358464702,1465.8759424263196,412,330,1461,427,349,1472,1459,4.855104923248291,3.239044286653058,115.93934671265538,19,11,5,9,5,"[417, 339, 1466]",341.71030808213266,188.8590726614309,109.339455718285,"[1.1474173493573996, 0.0323492772906596]",real,1353mosG,419,339,1466
3257,14,542.2049523809524,283.9824761904762,1588.0921904761906,519,275,1582,555,293,1594,2625,4.235481262207031,2.8193845114037344,278.25443211037293,18,12,30,8,8,"[549, 283, 1590]",325.92915424661294,170.656125820643,113.7707447710026,"[2.3909225000720826, 0.07832530449224435]",real,1353mosG,537,284,1588
3258,15,532.8783244680851,721.8098404255319,1205.5106382978724,522,715,1202,545,730,1210,1504,3.517155408859253,2.8704694704079987,177.7736649594049,15,8,2,8,4,"[524, 723, 1206]",327.2081513722493,142.7715020358741,76.14479762802121,"[0.7907090216900285, 0.03853865617062437]",real,1353mosG,533,722,1206
3259,16,565.3037974683543,512.2763713080169,1497.1023206751056,558,501,1491,571,523,1504,948,6.233687877655028,4.949966368627403,100.48076715096799,22,13,2,11,5,"[560, 512, 1496]",322.9901524354864,206.69889230833118,122.1402436940663,"[3.9741061964022295, 0.07323363426968457]",real,1353mosG,564,512,1497
3560,1,279.28205128205127,240.16554206027888,117.38191632928476,267,233,112,300,248,123,2223,11.78866195678711,2.3269721006295767,255.06656276784184,15,11,14,6,5,"[281, 239, 117]",432.5493454207231,188.7352729183516,138.40586274685822,"[13.636308453924542, 0.8395322149084072]",real,1353mosH,283,240,117
